Iterations: 1, RMSE: 3.398143
Iterations: 2, RMSE: 0.322394
Iterations: 3, RMSE: 0.315344
probe集rmse为2.882080
